v2.0 raw
2002 10001 100020 a0008 100020 a0008 100020 a0008 100020 a0008 100020 a0008 100020 a0008 100020 a0008
2002 10001 100020 a0008 100020 a0008 100020 a0008 100020 a0008 100020 a0008 100020 a0008 100020 a0008
2002 10001 100020 a0008 100020 a0008 500020 4000 40006 0 0 0 0 0 0 0
200021 10804 2020 40006 0 0 0 0 0 0 0 0 0 0 0 0
200021 10204 880 2020 40006 0 0 0 0 0 0 0 0 0 0 0
200021 11400 2020 40006 0 0 0 0 0 0 0 0 0 0 0 0
600021 44006 0 0 0 0 0 0 0 0 0 0 0 0 0 0
200021 10408 2020 40006 0 0 0 0 0 0 0 0 0 0 0 0
200021 810004 2020 40006 0 0 0 0 0 0 0 0 0 0 0 0
200021 1010004 2020 40006 0 0 0 0 0 0 0 0 0 0 0 0
200021 10108 2020 40006 0 0 0 0 0 0 0 0 0 0 0 0
200021 2010004 4000020 400010 44006 0 0 0 0 0 0 0 0 0 0 0
0 0 0 0 0 0 0 0 0 0 0 0 0 0 0 0
0 0 0 0 0 0 0 0 0 0 0 0 0 0 0 0
0 0 0 0 0 0 0 0 0 0 0 0 0 0 0 0
8000 8000 8000 0 0 0 0 0 0 0 0 0 0 0 0 0
